from copy import deepcopy
import math
from random import shuffle
from Classes.Bishop import Bishop
from Classes.Board import Board
from Classes.King import King
from Classes.Knight import Knight
from Classes.Pawn import Pawn
from Classes.Player import Player
from Classes.Queen import Queen
from Classes.Rook import Rook
import UI.gameUI as gameUi
from functools import lru_cache



class AiPlayer(Player):
    PAWN = 100
    KNIGHT = 320
    BISHOP = 330
    ROOK = 500
    QUEEN = 900
    KING = 20000

    pst = {

    'BP': [[ 0,   0,   0,   0,   0,   0,   0,   0],
           [ 78,  83,  86,  73, 102,  82,  85,  90],
           [  7,  29,  21,  44,  40,  31,  44,   7],
           [-17,  16,  -2,  15,  14,   0,  15, -13],
           [-26,   3,  10,   9,   6,   1,   0, -23],
           [-22,   9,   5, -11, -10,  -2,   3, -19],
           [-31,   8,  -7, -37, -36, -14,   3, -31],
            [0,   0,   0,   0,   0,   0,   0,   0]]

    ,'WP': [ [0  ,0  ,0   ,0   ,0   ,0  ,0  ,0],                                                 
            [-31 ,3  ,-14 ,-36 ,-37 ,-7 ,8  ,-31],
            [-19 ,3  ,-2  ,-10 ,-11 ,5  ,9  ,-22],
            [-23 ,0  ,1   ,6   ,9   ,10 ,3  ,-26],
            [-13 ,15 ,0   ,14  ,15  ,-2 ,16 ,-17],
            [  7 ,44 ,31  ,40  ,44  ,21 ,29 ,7],
            [ 90 ,85 ,82  ,102 ,73  ,86 ,83 ,78],
            [  0 ,0  ,0   ,0   ,0   ,0  ,0  ,0]]


    ,'BN': [[-66, -53, -75, -75, -10, -55, -58, -70 ],
            [ -3,  -6, 100, -36,   4,  62,  -4, -14],
            [ 10,  67,   1,  74,  73,  27,  62,  -2],
            [ 24,  24,  45,  37,  33,  41,  25,  17],
            [ -1,   5,  31,  21,  22,  35,   2,   0],
            [-18,  10,  13,  22,  18,  15,  11, -14],
            [-23, -15,   2,   0,   2,   0, -23, -20],
            [-74, -23, -26, -24, -19, -35, -22, -69]]

    ,'WN' : [[-69 ,-22 ,-35 ,-19 ,-24 ,-26 ,-23 ,-74],                                 
             [-20 ,-23 ,0   ,2   ,0   ,2   ,-15 ,-23],
             [-14 ,11  ,15  ,18  ,22  ,13  ,10  ,-18],
             [  0 ,2   ,35  ,22  ,21  ,31  ,5   ,-1 ],
             [ 17 ,25  ,41  ,33  ,37  ,45  ,24  ,24 ],
             [ -2 ,62  ,27  ,73  ,74  ,1   ,67  ,10 ],
             [-14 ,-4  ,62  ,4   ,-36 ,100 ,-6  ,-3 ],
             [-70 ,-58 ,-55 ,-10 ,-75 ,-75 ,-53 ,-66]]

    ,'BB': [[-59, -78, -82, -76, -23,-107, -37, -50],
            [-11,  20,  35, -42, -39,  31,   2, -22],
            [ -9,  39, -32,  41,  52, -10,  28, -14],
            [ 25,  17,  20,  34,  26,  25,  15,  10],
            [ 13,  10,  17,  23,  17,  16,   0,   7],
            [ 14,  25,  24,  15,   8,  25,  20,  15],
            [ 19,  20,  11,   6,   7,   6,  20,  16],
            [ -7,   2, -15, -12, -14, -15, -10, -10]]

    ,'WB':[ [-10 ,-10 ,-15  ,-14 ,-12 ,-15 ,2   ,-7 ],
            [16  ,20  ,6    ,7   ,6   ,11  ,20  ,19 ],
            [15  ,20  ,25   ,8   ,15  ,24  ,25  ,14 ],
            [7   ,0   ,16   ,17  ,23  ,17  ,10  ,13 ],
            [10  ,15  ,25   ,26  ,34  ,20  ,17  ,25 ],
            [-14 ,28  ,-10  ,52  ,41  ,-32 ,39  ,-9 ],
            [-22 ,2   ,31   ,-39 ,-42 ,35  ,20  ,-11],
            [-50 ,-37 ,-107 ,-23 ,-76 ,-82 ,-78 ,-59]]

    ,'BR': [[35,  29,  33,   4,  37,  33,  56,  50 ],
            [55,  29,  56,  67,  55,  62,  34,  60 ],
            [19,  35,  28,  33,  45,  27,  25,  15 ],
            [0,   5,  16,  13,  18,  -4,  -9,  -6  ],
            [-28, -35, -16, -21, -13, -29, -46, -30],
            [-42, -28, -42, -25, -25, -35, -26, -46],
            [-53, -38, -31, -26, -29, -43, -44, -53],
            [-30, -24, -18,   5,  -2, -18, -31, -32]]

    ,'WR' :[[-32 ,-31 ,-18 ,-2  ,5   ,-18 ,-24 ,-30],
            [-53 ,-44 ,-43 ,-29 ,-26 ,-31 ,-38 ,-53],
            [-46 ,-26 ,-35 ,-25 ,-25 ,-42 ,-28 ,-42],
            [-30 ,-46 ,-29 ,-13 ,-21 ,-16 ,-35 ,-28],
            [-6  ,-9  ,-4  ,18  ,13  ,16  ,5   ,0  ],
            [15  ,25  ,27  ,45  ,33  ,28  ,35  ,19 ],
            [60  ,34  ,62  ,55  ,67  ,56  ,29  ,55 ],
            [50  ,56  ,33  ,37  ,4   ,33  ,29  ,35 ]]
 
    ,'BQ': [[ 6  ,   1,  -8,-104,  69,  24,  88,  26],
            [ 14 ,  32,  60, -10,  20,  76,  57,  24],
            [ -2 ,  43,  32,  60,  72,  63,  43,   2],
            [  1 , -16,  22,  17,  25,  20, -13,  -6],
            [-14 , -15,  -2,  -5,  -1, -10, -20, -22],
            [-30 ,  -6, -13, -11, -16, -11, -16, -27],
            [-36 , -18,   0, -19, -15, -15, -21, -38],
            [-39 , -30, -31, -13, -31, -36, -34, -42]]

    ,'WQ' : [[-42 ,-34 ,-36 ,-31 ,-13  ,-31 ,-30 ,-39],
             [-38 ,-21 ,-15 ,-15 ,-19  ,0   ,-18 ,-36],
             [-27 ,-16 ,-11 ,-16 ,-11  ,-13 ,-6  ,-30],
             [-22 ,-20 ,-10 ,-1  ,-5   ,-2  ,-15 ,-14],
             [-6  ,-13 ,20  ,25  ,17   ,22  ,-16 ,1],
             [2   ,43  ,63  ,72  ,60   ,32  ,43  ,-2],
             [24  ,57  ,76  ,20  ,-10  ,60  ,32  ,14],
             [26  ,88  ,24  ,69  ,-104 ,-8  ,1   ,6]]

    ,'BK': [[  4,  54,  47, -99, -99,  60,  83, -62],
            [-32,  10,  55,  56,  56,  55,  10,   3],
            [-62,  12, -57,  44, -67,  28,  37, -31],
            [-55,  50,  11,  -4, -19,  13,   0, -49],
            [-55, -43, -52, -28, -51, -47,  -8, -50],
            [-47, -42, -43, -79, -64, -32, -29, -32],
            [ -4,   3, -14, -50, -57, -18,  13,   4],
            [ 17,  30,  -3, -14,   6,  -1,  40,  18]]

    ,'WK': [[18  ,40  ,-1  ,6   ,-14 ,-3  ,30  ,17],
            [4   ,13  ,-18 ,-57 ,-50 ,-14 ,3   ,-4],
            [-32 ,-29 ,-32 ,-64 ,-79 ,-43 ,-42 ,-47],
            [-50 ,-8  ,-47 ,-51 ,-28 ,-52 ,-43 ,-55],
            [-49 ,0   ,13  ,-19 ,-4  ,11  ,50  ,-55],
            [-31 ,37  ,28  ,-67 ,44  ,-57 ,12  ,-62],
            [3   ,10  ,55  ,56  ,56  ,55  ,10  ,-32],
            [-62 ,83  ,60  ,-99 ,-99 ,47  ,54  ,4]]
    }



    def __init__(self,color,difficulty):
        super().__init__(color)
        self.difficulty = difficulty

    
    def getMove(self,game_board : Board) -> list:
        maximizing = (False if self.color == "b" else True)
        res = self.minimax(game_board, self.difficulty, -math.inf, math.inf, maximizing)[1]
        print(f"chess AI playin move : {res[0]}==>{res[1]}")
        return res

    #white ==> maximising player
    #black ==> minimising player

    #beta ==> worst possbile score for black
    #alpha==> worst possible score for white

    # def minimax(self,position: Board, depth: int, maximizingPlayer: bool):
    #     #if the game ends at the current position or depth == 0
    #     if depth == 0 or self.isGameOver(position):
    #         return self.evaluatePosition(position), None

    #     if maximizingPlayer:
    #         possibleMoves = self.getAllMoves(position, "w")
    #         maxEval = -math.inf
    #         best_move = None
    #         for start in possibleMoves.keys():
    #             for end in possibleMoves[start]:
    #                 board_copy = deepcopy(position)
    #                 position.AiAutoPromotion = True
    #                 board_copy.move_piece(start, end)
    #                 eval = self.minimax(board_copy, depth - 1, False)[0]
    #                 maxEval = max(maxEval, eval)
    #                 if maxEval == eval:
    #                     best_move = [start,end]
    #         return maxEval, best_move

    #     else:
    #         possibleMoves = self.getAllMoves(position, "b")
    #         print(possibleMoves)
    #         print(possibleMoves)
    #         minEval = math.inf
    #         best_move = None
    #         for start in possibleMoves.keys():
    #             for end in possibleMoves[start]:
    #                 board_copy = deepcopy(position)
    #                 position.AiAutoPromotion = True
    #                 board_copy.move_piece(start, end)
    #                 eval = self.minimax(board_copy, depth - 1, True)[0]
    #                 minEval = min(minEval, eval)
    #                 if minEval == eval:
    #                     best_move = [start,end]
    #         return minEval, best_move
            
    # @lru_cache(maxsize=128, typed=False)
    # @lru_cache(maxsize=False, typed=False)
    def minimax(self, position: Board, depth: int,alpha, beta, maximizingPlayer: bool):
        if depth == 0 or position.isGameOver() or gameUi.ChessBoard.thread_flag == "ENDED":
            return self.evaluatePosition(position), None
        if maximizingPlayer:
            possibleMoves = self.getAllMoves(position, "w")
            maxEval = -math.inf
            best_move = None
            for start in possibleMoves.keys():
                for end in possibleMoves[start]:
                    board_copy = deepcopy(position)
                    board_copy.move_piece(start, end, None, True)
                    eval = self.minimax(board_copy, depth - 1,alpha,beta, False)[0]
                    maxEval = max(maxEval, eval)
                    alpha = max(alpha, eval)
                    if maxEval == eval:
                        best_move = [start,end]
                    if beta <= alpha:
                        break
            return maxEval, best_move
        else:
            possibleMoves = self.getAllMoves(position, "b")
            minEval = math.inf
            best_move = None
            for start in possibleMoves.keys():
                for end in possibleMoves[start]:
                    board_copy = deepcopy(position)
                    board_copy.move_piece(start, end,None, True)
                    eval = self.minimax(board_copy, depth - 1,alpha,beta, True)[0]
                    minEval = min(minEval, eval)
                    beta = min(beta, eval)
                    if minEval == eval:
                        best_move = [start,end]
                    if beta <= alpha:
                        break    
            return minEval, best_move

    #static evaluation of a po sition
    # @lru_cache(maxsize=False, typed=False)
    
    def evaluatePosition(self,position : Board):
        res = 0
        for line in range(8):
            for column in range(8):
                if position.board[line][column] is not None:
                    factor = (1 if position.board[line][column].color == "w" else -1)
                    pstColor = ('W' if factor > 0 else 'B')
                    if isinstance(position.board[line][column],Pawn):
                        res += factor*(AiPlayer.PAWN + AiPlayer.pst[pstColor+'P'][line][column])
                    elif isinstance(position.board[line][column],Bishop):
                        res += factor*(AiPlayer.BISHOP + AiPlayer.pst[pstColor+'B'][line][column])
                    elif isinstance(position.board[line][column],Rook):
                        res += factor*(AiPlayer.ROOK + AiPlayer.pst[pstColor+'R'][line][column])
                    elif isinstance(position.board[line][column],Knight):
                        res += factor*(AiPlayer.KNIGHT + AiPlayer.pst[pstColor+'N'][line][column])
                    elif isinstance(position.board[line][column],Queen):
                        res += factor*(AiPlayer.QUEEN + AiPlayer.pst[pstColor+'Q'][line][column])
                    elif isinstance(position.board[line][column],King):
                        res += factor*(AiPlayer.KING + AiPlayer.pst[pstColor+'K'][line][column])
        return res

    # @lru_cache(maxsize=None, typed=False)
    def getAllMoves(self,position: Board,color):
        res = {}
        #random indexes shuflling allows for random best move selection
        lines = list(range(8))
        shuffle(lines)
        columns = list(range(8))
        shuffle(columns)
        # lines = range(8)
        # columns = range(8)
        for line in lines:
            for column in columns:
                if position.board[line][column] is not None and position.board[line][column].color == color:
                    possibleEndMoves = position.board[line][column].getPossibleMoves(position.board)
                    if isinstance(position.board[line][column],Pawn):
                        possibleEndMoves.extend(list(position.board[line][column].getPossibleEnPassantCaptures(position.board, position.LastMovedPiece).keys()))
                    if isinstance(position.board[line][column],King):
                        possibleEndMoves.extend(position.getPossibleCastleMoves(position.board[line][column].color))
                    temp = []
                    for targetPos in possibleEndMoves:
                        if not position.MoveCauseCheck((line,column),targetPos):
                            temp.append(targetPos)
                    if len(temp) > 0 : #can move without check ==> create an entry
                        res[(line,column)] = temp
        return res